{
  "accessors": [
    {
      "bufferView": 2,
      "componentType": 5126,
      "count": 65532,
      "max": [
        11.737367630004883,
        12.71552562713623,
        7.116337776184082
      ],
      "min": [
        -12.302191734313965,
        -10.667920112609863,
        2.4248173236846924
      ],
      "type": "VEC3"
    },
    {
      "bufferView": 2,
      "byteOffset": 786384,
      "componentType": 5126,
      "count": 65532,
      "max": [
        0.9999886155128479,
        0.999920129776001,
        0.9999980926513672
      ],
      "min": [
        -0.999961793422699,
        -0.9999077320098877,
        -0.9999608993530273
      ],
      "type": "VEC3"
    },
    {
      "bufferView": 1,
      "componentType": 5126,
      "count": 65532,
      "max": [
        0.999267578125,
        0.9992621541023254
      ],
      "min": [
        0.000732421875,
        0.0007378458976745605
      ],
      "type": "VEC2"
    },
    {
      "bufferView": 1,
      "byteOffset": 524256,
      "componentType": 5126,
      "count": 65532,
      "max": [
        0.999267578125,
        0.9992621541023254
      ],
      "min": [
        0.000732421875,
        0.0007378458976745605
      ],
      "type": "VEC2"
    },
    {
      "bufferView": 0,
      "componentType": 5125,
      "count": 305259,
      "type": "SCALAR"
    },
    {
      "bufferView": 2,
      "byteOffset": 1572768,
      "componentType": 5126,
      "count": 6183,
      "max": [
        6.088716506958008,
        10.6163330078125,
        6.691938400268555
      ],
      "min": [
        -10.665923118591309,
        -10.667920112609863,
        2.4248173236846924
      ],
      "type": "VEC3"
    },
    {
      "bufferView": 2,
      "byteOffset": 1646964,
      "componentType": 5126,
      "count": 6183,
      "max": [
        0.999126136302948,
        0.999228835105896,
        0.9999040365219116
      ],
      "min": [
        -0.9992809295654297,
        -0.9993121027946472,
        -0.994845449924469
      ],
      "type": "VEC3"
    },
    {
      "bufferView": 1,
      "byteOffset": 1048512,
      "componentType": 5126,
      "count": 6183,
      "max": [
        0.996337890625,
        0.9972946643829346
      ],
      "min": [
        0.000732421875,
        0.10132807493209839
      ],
      "type": "VEC2"
    },
    {
      "bufferView": 1,
      "byteOffset": 1097976,
      "componentType": 5126,
      "count": 6183,
      "max": [
        0.996337890625,
        0.9972946643829346
      ],
      "min": [
        0.000732421875,
        0.10132807493209839
      ],
      "type": "VEC2"
    },
    {
      "bufferView": 0,
      "byteOffset": 1221036,
      "componentType": 5125,
      "count": 31326,
      "type": "SCALAR"
    }
  ],
  "asset": {
    "extras": {
      "author": "ardyfaizal (https://sketchfab.com/ardyfaizal)",
      "license": "CC-BY-4.0 (http://creativecommons.org/licenses/by/4.0/)",
      "source": "https://sketchfab.com/3d-models/pizza-35d8c71791944a6c9f2082a1ad82827d",
      "title": "Pizza"
    },
    "generator": "Sketchfab-12.67.0",
    "version": "2.0"
  },
  "bufferViews": [
    {
      "buffer": 0,
      "byteLength": 1346340,
      "name": "floatBufferViews",
      "target": 34963
    },
    {
      "buffer": 0,
      "byteLength": 1147440,
      "byteOffset": 1346340,
      "byteStride": 8,
      "name": "floatBufferViews",
      "target": 34962
    },
    {
      "buffer": 0,
      "byteLength": 1721160,
      "byteOffset": 2493780,
      "byteStride": 12,
      "name": "floatBufferViews",
      "target": 34962
    }
  ],
  "buffers": [
    {
      "byteLength": 4214940,
      "uri": "scene.bin"
    }
  ],
  "extensionsUsed": [
    "KHR_materials_unlit"
  ],
  "images": [
    {
      "uri": "textures/Material_0_baseColor.jpeg"
    }
  ],
  "materials": [
    {
      "doubleSided": true,
      "extensions": {
        "KHR_materials_unlit": {}
      },
      "name": "Material_0",
      "pbrMetallicRoughness": {
        "baseColorTexture": {
          "index": 0
        },
        "metallicFactor": 0.0
      }
    }
  ],
  "meshes": [
    {
      "name": "mainMeshNode_Material_0_0",
      "primitives": [
        {
          "attributes": {
            "NORMAL": 1,
            "POSITION": 0,
            "TEXCOORD_0": 2,
            "TEXCOORD_1": 3
          },
          "indices": 4,
          "material": 0,
          "mode": 4
        }
      ]
    },
    {
      "name": "mainMeshNode_Material_0_0",
      "primitives": [
        {
          "attributes": {
            "NORMAL": 6,
            "POSITION": 5,
            "TEXCOORD_0": 7,
            "TEXCOORD_1": 8
          },
          "indices": 9,
          "material": 0,
          "mode": 4
        }
      ]
    }
  ],
  "nodes": [
    {
      "children": [
        1
      ],
      "matrix": [
        1.0,
        0.0,
        0.0,
        0.0,
        0.0,
        -0.9999191164970398,
        0.012720292434096114,
        0.0,
        0.0,
        -0.012720292434096114,
        -0.9999191164970398,
        0.0,
        0.0,
        -3.733339309692384,
        5.855010986328124,
        1.0
      ],
      "name": "Sketchfab_model"
    },
    {
      "children": [
        2
      ],
      "matrix": [
        1.0,
        0.0,
        0.0,
        0.0,
        0.0,
        0.0,
        1.0,
        0.0,
        0.0,
        -1.0,
        0.0,
        0.0,
        0.0,
        0.0,
        0.0,
        1.0
      ],
      "name": "298caa28bfca44d0bc3ed66393a75d4c.fbx"
    },
    {
      "children": [
        3,
        5,
        7,
        9,
        11,
        13,
        15,
        17,
        19,
        21,
        23,
        25,
        27,
        29,
        31,
        33,
        35,
        37,
        39,
        41,
        43,
        45,
        47,
        49,
        51,
        53,
        55,
        57,
        59,
        61,
        63,
        65,
        67,
        69,
        71,
        73,
        75,
        77,
        79,
        81,
        83,
        85,
        87,
        89,
        91,
        93,
        95,
        97,
        99,
        101,
        103,
        105,
        107,
        109,
        111,
        113,
        115,
        117,
        119,
        121,
        123,
        125,
        127,
        129,
        131,
        133,
        135,
        137,
        139,
        141,
        143,
        145,
        147,
        149,
        151,
        153,
        155,
        157,
        159,
        161,
        163,
        165,
        167,
        169,
        171,
        173,
        175,
        177,
        179,
        181,
        183,
        185,
        187,
        189,
        191,
        193,
        195,
        197,
        199,
        201,
        203,
        205,
        207,
        209,
        211,
        213,
        215
      ],
      "name": "RootNode"
    },
    {
      "children": [
        4
      ],
      "matrix": [
        -0.01617128072520213,
        0.9988042647260041,
        -0.04613599944569241,
        0.0,
        0.016425050450694312,
        0.04640117284297385,
        0.9987878397720351,
        0.0,
        0.9997343184053444,
        0.015393892423383126,
        -0.0171557768305155,
        0.0,
        -0.63093501329422,
        -42.393798828125,
        3.179539918899536,
        1.0
      ],
      "name": "IMG_9501"
    },
    {
      "name": "Object_4"
    },
    {
      "children": [
        6
      ],
      "matrix": [
        0.09575160002381333,
        0.9933849893376492,
        -0.063386860243417,
        0.0,
        -0.0009735371121089575,
        0.06377287828121192,
        0.997963963388068,
        0.0,
        0.9954047836525456,
        -0.09549493679964682,
        0.007073452287282067,
        0.0,
        -5.6920599937438965,
        -41.383399963378906,
        3.0190300941467285,
        1.0
      ],
      "name": "IMG_9503"
    },
    {
      "name": "Object_6"
    },
    {
      "children": [
        8
      ],
      "matrix": [
        -0.013257944518501041,
        0.9981380788148146,
        -0.05953656462221557,
        0.0,
        -0.003712939339659993,
        0.05949224435546441,
        0.9982218625851719,
        0.0,
        0.9999052160022991,
        0.013455425724242853,
        0.0029172812642982437,
        0.0,
        -0.5499929785728455,
        -41.6515998840332,
        3.05007004737854,
        1.0
      ],
      "name": "IMG_9504"
    },
    {
      "name": "Object_8"
    },
    {
      "children": [
        10
      ],
      "matrix": [
        -0.08905566545227361,
        0.9940710360235827,
        -0.06238480415817549,
        0.0,
        -0.008769279585573442,
        0.061848712090776914,
        0.9980470111914881,
        0.0,
        0.9959880462065812,
        0.08942881052386492,
        0.003209308630200969,
        0.0,
        2.537450075149536,
        -41.50590133666992,
        3.0561299324035645,
        1.0
      ],
      "name": "IMG_9505"
    },
    {
      "name": "Object_10"
    },
    {
      "children": [
        12
      ],
      "matrix": [
        -0.1758677058054985,
        0.9824092925158,
        -0.06278958538894636,
        0.0,
        -0.017661779703049496,
        0.06062457306739555,
        0.998004370069649,
        0.0,
        0.9842553589350842,
        0.17662571477279626,
        0.006689191921842141,
        0.0,
        6.20350980758667,
        -41.05099868774414,
        3.0282700061798096,
        1.0
      ],
      "name": "IMG_9506"
    },
    {
      "name": "Object_12"
    },
    {
      "children": [
        14
      ],
      "matrix": [
        -0.25593634293409506,
        0.9648977793104521,
        -0.05889706144859336,
        0.0,
        -0.01841034848895523,
        0.05605007996438138,
        0.9982582068806154,
        0.0,
        0.9665183120014005,
        0.25657487019921604,
        0.0034188518860771566,
        0.0,
        9.455880165100098,
        -40.404598236083984,
        3.0527100563049316,
        1.0
      ],
      "name": "IMG_9507"
    },
    {
      "name": "Object_14"
    },
    {
      "children": [
        16
      ],
      "matrix": [
        -0.3305799282269972,
        0.9417416127982177,
        -0.06196487535406814,
        0.0,
        -0.024082929698869326,
        0.05721742081884229,
        0.9980712295482517,
        0.0,
        0.9434706797513915,
        0.331434611166443,
        0.00376496618789246,
        0.0,
        12.954999923706055,
        -39.35850143432617,
        3.042759895324707,
        1.0
      ],
      "name": "IMG_9508"
    },
    {
      "name": "Object_16"
    },
    {
      "children": [
        18
      ],
      "matrix": [
        -0.42219306412787216,
        0.9044540308373397,
        -0.0609583686166808,
        0.0,
        -0.026969991646312252,
        0.054683165434257885,
        0.9981394546698811,
        0.0,
        0.9061046496696264,
        0.4230516014863651,
        0.001306264485255726,
        0.0,
        17.13629913330078,
        -37.69350051879883,
        3.0527799129486084,
        1.0
      ],
      "name": "IMG_9509"
    },
    {
      "name": "Object_18"
    },
    {
      "children": [
        20
      ],
      "matrix": [
        -0.5237655330213138,
        0.8496678527300676,
        -0.061108153760159656,
        0.0,
        -0.03349274243000505,
        0.05113942106087199,
        0.9981297489896171,
        0.0,
        0.8512037961754026,
        0.5248326396582391,
        0.0016726404121945038,
        0.0,
        21.566600799560547,
        -35.381500244140625,
        3.061460018157959,
        1.0
      ],
      "name": "IMG_9510"
    },
    {
      "name": "Object_20"
    },
    {
      "children": [
        22
      ],
      "matrix": [
        -0.640371843660176,
        0.7655360950890477,
        -0.062276712847416704,
        0.0,
        -0.04275466915107279,
        0.045427680665922066,
        0.9980522852511773,
        0.0,
        0.7668741357700424,
        0.641787202229156,
        0.0036396348474940776,
        0.0,
        26.624799728393555,
        -31.776100158691406,
        3.0745599269866943,
        1.0
      ],
      "name": "IMG_9511"
    },
    {
      "name": "Object_22"
    },
    {
      "children": [
        24
      ],
      "matrix": [
        -0.7281816978180877,
        0.6825815491460736,
        -0.061918040409183916,
        0.0,
        -0.04708460658502395,
        0.040307043909610485,
        0.9980773427114765,
        0.0,
        0.6837649119291662,
        0.7296970405425905,
        0.002788232035610738,
        0.0,
        30.504499435424805,
        -28.172100067138672,
        3.077239990234375,
        1.0
      ],
      "name": "IMG_9512"
    },
    {
      "name": "Object_24"
    },
    {
      "children": [
        26
      ],
      "matrix": [
        -0.8071964616165213,
        0.5868866636555088,
        -0.06322907857207716,
        0.0,
        -0.05421491067906975,
        0.03295289216730757,
        0.9979853958640228,
        0.0,
        0.5877879003635825,
        0.8089982391335073,
        0.005218550091339091,
        0.0,
        33.86859893798828,
        -24.11319923400879,
        3.086750030517578,
        1.0
      ],
      "name": "IMG_9513"
    },
    {
      "name": "Object_26"
    },
    {
      "children": [
        28
      ],
      "matrix": [
        -0.8714243226320484,
        0.4863355306481362,
        -0.06401094870779023,
        0.0,
        -0.058700398945651766,
        0.026166421586772626,
        0.9979326538123524,
        0.0,
        0.4870050442129906,
        0.8733802551068687,
        0.0057460334635330845,
        0.0,
        36.68769836425781,
        -19.769100189208984,
        3.1106600761413574,
        1.0
      ],
      "name": "IMG_9514"
    },
    {
      "name": "Object_28"
    },
    {
      "children": [
        30
      ],
      "matrix": [
        -0.9213639729234022,
        0.3831631354018476,
        -0.0653792097522593,
        0.0,
        -0.06318228419355026,
        0.018330820583811747,
        0.9978336434400323,
        0.0,
        0.3835315219938121,
        0.9234987778474586,
        0.007319764433404319,
        0.0,
        38.84870147705078,
        -15.366100311279297,
        3.13742995262146,
        1.0
      ],
      "name": "IMG_9515"
    },
    {
      "name": "Object_30"
    },
    {
      "children": [
        32
      ],
      "matrix": [
        -0.9625947854752184,
        0.2628345231219943,
        -0.06579735884633063,
        0.0,
        -0.0653014701137266,
        0.010631550529946132,
        0.9978089437033101,
        0.0,
        0.2629581658304321,
        0.9647823503716074,
        0.006929605654863891,
        0.0,
        40.56520080566406,
        -10.117600440979004,
        3.1509499549865723,
        1.0
      ],
      "name": "IMG_9516"
    },
    {
      "name": "Object_32"
    },
    {
      "children": [
        34
      ],
      "matrix": [
        -0.9897996459151535,
        0.12643223388741076,
        -0.06566240309702323,
        0.0,
        -0.0657163826020267,
        0.0037486394719237204,
        0.997831300751692,
        0.0,
        0.12640418507288811,
        0.9919681637715742,
        0.004598267033400383,
        0.0,
        41.552799224853516,
        -4.030270099639893,
        3.167490005493164,
        1.0
      ],
      "name": "IMG_9517"
    },
    {
      "name": "Object_34"
    },
    {
      "children": [
        36
      ],
      "matrix": [
        -0.9969408780221705,
        -0.048470315024935526,
        -0.061314878208860585,
        0.0,
        -0.06101511838267422,
        -0.007641372572701144,
        0.998107591772527,
        0.0,
        -0.04884711923063782,
        0.99879539345483,
        0.004660574672631035,
        0.0,
        41.50019836425781,
        3.3404300212860107,
        2.988909959793091,
        1.0
      ],
      "name": "IMG_9518"
    },
    {
      "name": "Object_36"
    },
    {
      "children": [
        38
      ],
      "matrix": [
        -0.9881173580087501,
        -0.1405630428076458,
        -0.06217811350035602,
        0.0,
        -0.06058904106588519,
        -0.015560665018395703,
        0.9980414990404465,
        0.0,
        -0.14125528274908414,
        0.989949441487211,
        0.006859183233818289,
        0.0,
        41.0984992980957,
        7.3377299308776855,
        3.009469985961914,
        1.0
      ],
      "name": "IMG_9519"
    },
    {
      "name": "Object_38"
    },
    {
      "children": [
        40
      ],
      "matrix": [
        -0.9653897413566324,
        -0.2517109070437042,
        -0.06829543585489645,
        0.0,
        -0.06496136834337775,
        -0.021541620796692307,
        0.997655240649999,
        0.0,
        -0.25259189992224723,
        0.9675626996989328,
        0.004444574780809507,
        0.0,
        40.90119934082031,
        12.337599754333496,
        3.265089988708496,
        1.0
      ],
      "name": "IMG_9521"
    },
    {
      "name": "Object_40"
    },
    {
      "children": [
        42
      ],
      "matrix": [
        -0.9268598178229697,
        -0.3691701257743413,
        -0.06814907439524576,
        0.0,
        -0.06154821021473114,
        -0.029642982157154663,
        0.9976638268616307,
        0.0,
        -0.37032782223934374,
        0.9288889663703557,
        0.004753128535751938,
        0.0,
        39.374900817871094,
        17.487300872802734,
        3.2587099075317383,
        1.0
      ],
      "name": "IMG_9522"
    },
    {
      "name": "Object_42"
    },
    {
      "children": [
        44
      ],
      "matrix": [
        -0.8532800431718521,
        -0.5169933178566039,
        -0.06805201845840242,
        0.0,
        -0.05662386852832413,
        -0.03786881953269483,
        0.9976771471874492,
        0.0,
        -0.5183694680799875,
        0.8551513677699526,
        0.003038546305390466,
        0.0,
        36.25019836425781,
        23.970500946044922,
        3.2671899795532227,
        1.0
      ],
      "name": "IMG_9523"
    },
    {
      "name": "Object_44"
    },
    {
      "children": [
        46
      ],
      "matrix": [
        -0.7740150664574403,
        -0.6305645873403304,
        -0.0573496128077875,
        0.0,
        -0.04166760415595028,
        -0.039652259220424035,
        0.9983443840191717,
        0.0,
        -0.6317946562458306,
        0.7751232157089833,
        0.004417330435627198,
        0.0,
        32.54610061645508,
        29.324800491333008,
        3.294179916381836,
        1.0
      ],
      "name": "IMG_9524"
    },
    {
      "name": "Object_46"
    },
    {
      "children": [
        48
      ],
      "matrix": [
        -0.6623661705411505,
        -0.7461097818236815,
        -0.06775876024301186,
        0.0,
        -0.040843695427020155,
        -0.05434657936191378,
        0.9976864446586031,
        0.0,
        -0.7480660723936866,
        0.6636012679152126,
        0.005523454970034591,
        0.0,
        27.964599609375,
        34.06169891357422,
        3.246229887008667,
        1.0
      ],
      "name": "IMG_9525"
    },
    {
      "name": "Object_48"
    },
    {
      "children": [
        50
      ],
      "matrix": [
        -0.5404558535797368,
        -0.8387220900407437,
        -0.06672874949438817,
        0.0,
        -0.03437406975590562,
        -0.057232552986189233,
        0.9977689402898344,
        0.0,
        -0.8406699076687676,
        0.5415438029895363,
        0.0021013766478188423,
        0.0,
        22.563899993896484,
        38.07680130004883,
        3.2505099773406982,
        1.0
      ],
      "name": "IMG_9526"
    },
    {
      "name": "Object_50"
    },
    {
      "children": [
        52
      ],
      "matrix": [
        -0.4326682636881327,
        -0.8991398205682135,
        -0.06592235330794449,
        0.0,
        -0.026174299827333936,
        -0.06056225146834704,
        0.9978211862481341,
        0.0,
        -0.9011731685007303,
        0.43345103156601844,
        0.002669008937606021,
        0.0,
        17.854400634765625,
        40.85060119628906,
        3.240679979324341,
        1.0
      ],
      "name": "IMG_9527"
    },
    {
      "name": "Object_52"
    },
    {
      "children": [
        54
      ],
      "matrix": [
        -0.3059209554574611,
        -0.9497574585253292,
        -0.06612971334810042,
        0.0,
        -0.018488783154968214,
        -0.06352014905549197,
        0.9978092781495955,
        0.0,
        -0.9518773733572212,
        0.3064734256660369,
        0.0018722849893678672,
        0.0,
        12.405599594116211,
        43.04629898071289,
        3.2327001094818115,
        1.0
      ],
      "name": "IMG_9528"
    },
    {
      "name": "Object_54"
    },
    {
      "children": [
        56
      ],
      "matrix": [
        -0.1694903089829929,
        -0.9833269383306761,
        -0.06588753686447935,
        0.0,
        -0.00863636709993898,
        -0.06537028821240631,
        0.9978237011528348,
        0.0,
        -0.9854940123228373,
        0.16969047637462004,
        0.002587257928745368,
        0.0,
        6.503499984741211,
        44.46289825439453,
        3.210890054702759,
        1.0
      ],
      "name": "IMG_9529"
    },
    {
      "name": "Object_56"
    },
    {
      "children": [
        58
      ],
      "matrix": [
        0.02832765962199868,
        -0.9974428067473828,
        -0.06561547811487439,
        0.0,
        0.006135532581029279,
        -0.06546708415664737,
        0.9978358663287134,
        0.0,
        -0.9995798612118432,
        -0.02866894068377579,
        0.0042653135620774885,
        0.0,
        -2.0823400020599365,
        45.122100830078125,
        3.196929931640625,
        1.0
      ],
      "name": "IMG_9530"
    },
    {
      "name": "Object_58"
    },
    {
      "children": [
        60
      ],
      "matrix": [
        0.19933621370098287,
        -0.9777142111422752,
        -0.06587864022423773,
        0.0,
        0.016622710566792154,
        -0.06384443330198142,
        0.9978214137959565,
        0.0,
        -0.979790160902205,
        -0.19999702414482895,
        0.0035257527485557105,
        0.0,
        -9.536999702453613,
        44.33409881591797,
        3.2044100761413574,
        1.0
      ],
      "name": "IMG_9531"
    },
    {
      "name": "Object_60"
    },
    {
      "children": [
        62
      ],
      "matrix": [
        0.40836301135009045,
        -0.910423223394419,
        -0.06609996418457448,
        0.0,
        0.02961346477374599,
        -0.05916160636259771,
        0.9978090734387473,
        0.0,
        -0.9123391330339723,
        -0.4094257669428161,
        0.002801374324651773,
        0.0,
        -18.571699142456055,
        41.49570083618164,
        3.1895298957824707,
        1.0
      ],
      "name": "IMG_9532"
    },
    {
      "name": "Object_62"
    },
    {
      "children": [
        64
      ],
      "matrix": [
        0.40465931366139607,
        -0.9121074152124719,
        -0.06565746706591274,
        0.0,
        0.029845830280782915,
        -0.058587390292962116,
        0.9978360306751362,
        0.0,
        -0.913980342393609,
        -0.4057432449383278,
        0.0035146699671126935,
        0.0,
        -18.58180046081543,
        41.45589828491211,
        3.201819896697998,
        1.0
      ],
      "name": "IMG_9533"
    },
    {
      "name": "Object_64"
    },
    {
      "children": [
        66
      ],
      "matrix": [
        0.577106112498057,
        -0.8140141597565069,
        -0.06579880419344869,
        0.0,
        0.03970823365557674,
        -0.05250549102833446,
        0.9978308622165519,
        0.0,
        -0.8157032494095717,
        -0.5784670441155497,
        0.002021824642395642,
        0.0,
        -26.143299102783203,
        37.16210174560547,
        3.216939926147461,
        1.0
      ],
      "name": "IMG_9535"
    },
    {
      "name": "Object_66"
    },
    {
      "children": [
        68
      ],
      "matrix": [
        0.7385319136978827,
        -0.6712120519836784,
        -0.06360026510638817,
        0.0,
        0.050185761498457826,
        -0.03934231196433169,
        0.9979647147229811,
        0.0,
        -0.6723481254473481,
        -0.7402206183031927,
        0.0046297350114263836,
        0.0,
        -33.09600067138672,
        30.974599838256836,
        3.121040105819702,
        1.0
      ],
      "name": "IMG_9536"
    },
    {
      "name": "Object_68"
    },
    {
      "children": [
        70
      ],
      "matrix": [
        0.8495221153879844,
        -0.5237120774416606,
        -0.06354396437478818,
        0.0,
        0.05738152006984176,
        -0.02800666175776856,
        0.9979594120261908,
        0.0,
        -0.5244230511916869,
        -0.8514348400429279,
        0.0062591165411218785,
        0.0,
        -37.86320114135742,
        24.644100189208984,
        3.092410087585449,
        1.0
      ],
      "name": "IMG_9537"
    },
    {
      "name": "Object_70"
    },
    {
      "children": [
        72
      ],
      "matrix": [
        0.9125193716901906,
        -0.40410415639372954,
        -0.06331056053654893,
        0.0,
        0.060431755811570204,
        -0.019888823044409865,
        0.9979741668036497,
        0.0,
        -0.4045446813142778,
        -0.9144967279893463,
        0.006271787393484218,
        0.0,
        -40.627601623535156,
        19.47439956665039,
        3.0725901126861572,
        1.0
      ],
      "name": "IMG_9539"
    },
    {
      "name": "Object_72"
    },
    {
      "children": [
        74
      ],
      "matrix": [
        0.9725846528614648,
        -0.22399579895041072,
        -0.0624897997349259,
        0.0,
        0.06249475219591688,
        -0.007074448594814209,
        0.9980202192967085,
        0.0,
        -0.22399441726595531,
        -0.9745644330826189,
        0.007118061817558696,
        0.0,
        -43.25040054321289,
        11.640700340270996,
        3.045959949493408,
        1.0
      ],
      "name": "IMG_9540"
    },
    {
      "name": "Object_74"
    },
    {
      "children": [
        76
      ],
      "matrix": [
        0.9960912961898511,
        -0.0626340599974683,
        -0.06228245485733342,
        0.0,
        0.06261409893205117,
        0.0033442338844615893,
        0.9980322092571228,
        0.0,
        -0.062302522178075116,
        -0.9980309567483163,
        0.007252937493932965,
        0.0,
        -44.30110168457031,
        4.633039951324463,
        3.0346601009368896,
        1.0
      ],
      "name": "IMG_9541"
    },
    {
      "name": "Object_76"
    },
    {
      "children": [
        78
      ],
      "matrix": [
        0.9929485422678076,
        0.10093451665504583,
        -0.06217246782819631,
        0.0,
        0.06106334275134597,
        0.014044223897929031,
        0.9980350835251919,
        0.0,
        0.10160935281885951,
        -0.9947939400311592,
        0.007781792660782827,
        0.0,
        -44.17190170288086,
        -2.4898500442504883,
        3.0280799865722656,
        1.0
      ],
      "name": "IMG_9542"
    },
    {
      "name": "Object_78"
    },
    {
      "children": [
        80
      ],
      "matrix": [
        0.9434231360965257,
        0.32571825197286375,
        -0.06213217048790701,
        0.0,
        0.05603057475628079,
        0.02809012780032072,
        0.998033826787771,
        0.0,
        0.32682313408061725,
        -0.9450495040218284,
        0.00825069559608016,
        0.0,
        -42.08660125732422,
        -12.262800216674805,
        3.0271499156951904,
        1.0
      ],
      "name": "IMG_9543"
    },
    {
      "name": "Object_80"
    },
    {
      "children": [
        82
      ],
      "matrix": [
        0.8637927411303472,
        0.5000607799678052,
        -0.061654819020991375,
        0.0,
        0.04915232600049041,
        0.03815122946463845,
        0.998062389101542,
        0.0,
        0.5014440638987189,
        -0.8651495246651452,
        0.008375604599715869,
        0.0,
        -38.59619903564453,
        -19.849899291992188,
        3.009119987487793,
        1.0
      ],
      "name": "IMG_9544"
    },
    {
      "name": "Object_82"
    },
    {
      "children": [
        84
      ],
      "matrix": [
        0.7565723894387016,
        0.6509636233335726,
        -0.06200468236706119,
        0.0,
        0.04120299263366356,
        0.04717603985100194,
        0.9980364395461755,
        0.0,
        0.6526105522722137,
        -0.757641592285167,
        0.008870439817331821,
        0.0,
        -33.948699951171875,
        -26.42799949645996,
        3.020550012588501,
        1.0
      ],
      "name": "IMG_9545"
    },
    {
      "name": "Object_84"
    },
    {
      "children": [
        86
      ],
      "matrix": [
        0.639361983501743,
        0.7663645846459456,
        -0.06246260844028312,
        0.0,
        0.032931757886392354,
        0.05386819028763279,
        0.9980048684238205,
        0.0,
        0.768200334141576,
        -0.6401433757179578,
        0.009203540035684243,
        0.0,
        -28.92009925842285,
        -31.480199813842773,
        3.0292398929595947,
        1.0
      ],
      "name": "IMG_9546"
    },
    {
      "name": "Object_86"
    },
    {
      "children": [
        88
      ],
      "matrix": [
        0.4408254239041549,
        0.8953826436831833,
        -0.06295130682230182,
        0.0,
        0.01843429650448075,
        0.061087532232829256,
        0.9979621686808011,
        0.0,
        0.8974035448738249,
        -0.4410875591043308,
        0.010423188153174001,
        0.0,
        -20.326400756835938,
        -37.1156005859375,
        3.042109966278076,
        1.0
      ],
      "name": "IMG_9547"
    },
    {
      "name": "Object_88"
    },
    {
      "children": [
        90
      ],
      "matrix": [
        0.2657933199424969,
        0.9619222435287909,
        -0.06371427217259146,
        0.0,
        0.007028251693439402,
        0.06415630076018086,
        0.997915112998547,
        0.0,
        0.9640044163550701,
        -0.26568697084596893,
        0.01029168453723961,
        0.0,
        -12.755200386047363,
        -40.00120162963867,
        3.0542099475860596,
        1.0
      ],
      "name": "IMG_9548"
    },
    {
      "name": "Object_90"
    },
    {
      "children": [
        92
      ],
      "matrix": [
        0.059575968720969374,
        0.996224027860757,
        -0.0631537034848138,
        0.0,
        -0.006106090537491227,
        0.06362858818386563,
        0.9979549681343723,
        0.0,
        0.998205098969799,
        -0.05906851173525329,
        0.009873768889143375,
        0.0,
        -3.7142999172210693,
        -41.547698974609375,
        3.051800012588501,
        1.0
      ],
      "name": "IMG_9549"
    },
    {
      "name": "Object_92"
    },
    {
      "children": [
        94
      ],
      "matrix": [
        0.017250938892181322,
        0.9409523232361621,
        -0.3380992908951562,
        0.0,
        0.03472410212440552,
        0.3373818038183385,
        0.9407272480288524,
        0.0,
        0.9992480381962189,
        -0.027968622575188173,
        -0.02685357168524516,
        0.0,
        -4.524590015411377,
        -39.18629837036133,
        18.662599563598633,
        1.0
      ],
      "name": "IMG_9552"
    },
    {
      "name": "Object_94"
    },
    {
      "children": [
        96
      ],
      "matrix": [
        -0.15555089956223678,
        0.928128804420445,
        -0.3382023655305422,
        0.0,
        -0.032223821631426175,
        0.33741997126555145,
        0.9408025235460524,
        0.0,
        0.9873021538337923,
        0.15724085155019346,
        -0.022578123015987384,
        0.0,
        3.5359599590301514,
        -39.287498474121094,
        18.66160011291504,
        1.0
      ],
      "name": "IMG_9557"
    },
    {
      "name": "Object_96"
    },
    {
      "children": [
        98
      ],
      "matrix": [
        -0.28272860901996766,
        0.8973570036388968,
        -0.33884353566484776,
        0.0,
        -0.07753628031925697,
        0.33071971514192544,
        0.9405384602719323,
        0.0,
        0.9560610121095241,
        0.2921897979681435,
        -0.02392620085696251,
        0.0,
        9.166500091552734,
        -38.300899505615234,
        18.644899368286133,
        1.0
      ],
      "name": "IMG_9558"
    },
    {
      "name": "Object_98"
    },
    {
      "children": [
        100
      ],
      "matrix": [
        -0.4818959542041048,
        0.8078285499910567,
        -0.339395526106433,
        0.0,
        -0.15221482739325903,
        0.30426944355140306,
        0.9403460809949493,
        0.0,
        0.8629060989721626,
        0.5048100034074865,
        -0.023662730535119803,
        0.0,
        18.275400161743164,
        -34.827598571777344,
        18.68779945373535,
        1.0
      ],
      "name": "IMG_9561"
    },
    {
      "name": "Object_100"
    },
    {
      "children": [
        102
      ],
      "matrix": [
        -0.628769215129436,
        0.6993323661027719,
        -0.33997575770429833,
        0.0,
        -0.20845467298909431,
        0.26961856078033486,
        0.9401342888075888,
        0.0,
        0.7491301111385944,
        0.6619970342862871,
        -0.023748751159536452,
        0.0,
        25.04520034790039,
        -30.421600341796875,
        18.722999572753906,
        1.0
      ],
      "name": "IMG_9562"
    },
    {
      "name": "Object_102"
    },
    {
      "children": [
        104
      ],
      "matrix": [
        -0.7432282438674453,
        0.5760815949554055,
        -0.34020842651431976,
        0.0,
        -0.25344207882634956,
        0.22817785640864052,
        0.9400542423312265,
        0.0,
        0.6191759767609621,
        0.78489799451801,
        -0.023584910508934964,
        0.0,
        30.211999893188477,
        -25.16200065612793,
        18.65399932861328,
        1.0
      ],
      "name": "IMG_9563"
    },
    {
      "name": "Object_104"
    },
    {
      "children": [
        106
      ],
      "matrix": [
        -0.813978382335522,
        0.4711356396237719,
        -0.3398093615054565,
        0.0,
        -0.2819844701712314,
        0.19095853191659884,
        0.9402231637598103,
        0.0,
        0.5078621384516635,
        0.8611422926349376,
        -0.022583183184545552,
        0.0,
        33.67110061645508,
        -20.799699783325195,
        18.682899475097656,
        1.0
      ],
      "name": "IMG_9564"
    },
    {
      "name": "Object_106"
    },
    {
      "children": [
        108
      ],
      "matrix": [
        -0.8815526860445284,
        0.32687902615029485,
        -0.3406096945048859,
        0.0,
        -0.31106382469446725,
        0.14052426898902703,
        0.9399426720771586,
        0.0,
        0.3551114736165625,
        0.9345603415981947,
        -0.022199306695007026,
        0.0,
        36.9900016784668,
        -14.63599967956543,
        18.69659996032715,
        1.0
      ],
      "name": "IMG_9565"
    },
    {
      "name": "Object_108"
    },
    {
      "children": [
        110
      ],
      "matrix": [
        -0.9243607919135806,
        0.17076393933848533,
        -0.34116975744415,
        0.0,
        -0.3310412331838286,
        0.08553583947051646,
        0.939731515965174,
        0.0,
        0.1896544971916777,
        0.9815922255130569,
        -0.02253607124801893,
        0.0,
        39.26570129394531,
        -7.893479824066162,
        18.718000411987305,
        1.0
      ],
      "name": "IMG_9566"
    },
    {
      "name": "Object_110"
    },
    {
      "children": [
        112
      ],
      "matrix": [
        -0.9392678925011362,
        0.018326351477844338,
        -0.342695157476707,
        0.0,
        -0.342078000840388,
        0.030138729245575258,
        0.9391881059407139,
        0.0,
        0.027540287898240673,
        0.9993777072963819,
        -0.02203929902491475,
        0.0,
        40.292701721191406,
        -1.2309199571609497,
        18.775800704956055,
        1.0
      ],
      "name": "IMG_9567"
    },
    {
      "name": "Object_112"
    },
    {
      "children": [
        114
      ],
      "matrix": [
        -0.9222497936481024,
        -0.18122290271203173,
        -0.34148730232419766,
        0.0,
        -0.33962215231775655,
        -0.04221248198965366,
        0.9396142293618843,
        0.0,
        -0.18469464467354502,
        0.982535681742347,
        -0.022616859463999273,
        0.0,
        40.06560134887695,
        7.5856499671936035,
        18.715599060058594,
        1.0
      ],
      "name": "IMG_9568"
    },
    {
      "name": "Object_114"
    },
    {
      "children": [
        116
      ],
      "matrix": [
        -0.8456899458382028,
        -0.409884867943108,
        -0.3417644079471114,
        0.0,
        -0.31814592463637065,
        -0.12695256816491152,
        0.9395031751269407,
        0.0,
        -0.42847600416528286,
        0.903259342862057,
        -0.023040689810812642,
        0.0,
        37.20389938354492,
        17.77560043334961,
        18.714000701904297,
        1.0
      ],
      "name": "IMG_9569"
    },
    {
      "name": "Object_116"
    },
    {
      "children": [
        118
      ],
      "matrix": [
        -0.7582098649641111,
        -0.5555178340699375,
        -0.34134694476639055,
        0.0,
        -0.2898293968697212,
        -0.18180485248747402,
        0.9396520187399915,
        0.0,
        -0.5840519851701881,
        0.8113858093670685,
        -0.023159166144515853,
        0.0,
        33.70050048828125,
        24.31920051574707,
        18.668100357055664,
        1.0
      ],
      "name": "IMG_9570"
    },
    {
      "name": "Object_118"
    },
    {
      "children": [
        120
      ],
      "matrix": [
        -0.6236941851353617,
        -0.7026461582457553,
        -0.34248202833260877,
        0.0,
        -0.24615874942072852,
        -0.23929528032253122,
        0.9392250203753005,
        0.0,
        -0.741897185270277,
        0.6700941315351463,
        -0.02371542473155519,
        0.0,
        28.381099700927734,
        31.369199752807617,
        18.844900131225586,
        1.0
      ],
      "name": "IMG_9571"
    },
    {
      "name": "Object_120"
    },
    {
      "children": [
        122
      ],
      "matrix": [
        -0.4645077202375627,
        -0.8168906562262075,
        -0.34193893257425173,
        0.0,
        -0.19132401104607344,
        -0.28443196556911365,
        0.939411294247484,
        0.0,
        -0.864654671320837,
        0.5017849267692355,
        -0.02416995304605951,
        0.0,
        21.513399124145508,
        36.5265007019043,
        18.727100372314453,
        1.0
      ],
      "name": "IMG_9572"
    },
    {
      "name": "Object_122"
    },
    {
      "children": [
        124
      ],
      "matrix": [
        -0.3278588784506238,
        -0.8804025442676447,
        -0.34263671120905415,
        0.0,
        -0.14371537731900375,
        -0.31198306152850597,
        0.9391551840038772,
        0.0,
        -0.933731463614221,
        0.35715252955335214,
        -0.024240967193707608,
        0.0,
        15.767399787902832,
        39.81269836425781,
        18.813100814819336,
        1.0
      ],
      "name": "IMG_9573"
    },
    {
      "name": "Object_124"
    },
    {
      "children": [
        126
      ],
      "matrix": [
